00.00
 
01.00
 
02.00
 
03.00
 
04.00
 
05.00
 
06.00
 
07.00
 
08.00
 Levantarme
09.00
Bañarme
10.00
Preparar desayuno y desayunar
11.00
Lavar mis platos
12.00
Compras para la semana
13.00
Cosinar mi almuerzo
14.00
Almorzar
15.00
Lavar mis servicios
16.00
Lavar mi ropa
17.00
Lavar mi ropa
18.00
 
19.00
 
20.00
 
21.00
 
22.00
 
23.00
 
00.00
 
01.00
 
02.00
 
03.00
 
04.00
 
05.00
 
06.00
 
07.00
 
08.00
 
09.00
 
10.00
 
11.00
 
12.00
 
13.00
 
14.00
 
15.00
 
16.00
 
17.00
 
18.00
 
19.00
 
20.00
 
21.00
 
22.00
 
23.00
 
00.00
 
01.00
 
02.00
 
03.00
 
04.00
 
05.00
 
06.00
 
07.00
 
08.00
 
09.00
 
10.00
 
11.00
 
12.00
 
13.00
 
14.00
 
15.00
 
16.00
 
17.00
 
18.00
 
19.00
 
20.00
 
21.00
 
22.00
 
23.00
 
00.00
 
01.00
 
02.00
 
03.00
 
04.00
 
05.00
 
06.00
 
07.00
 
08.00
 
09.00
 
10.00
 
11.00
 
12.00
 
13.00
 
14.00
 
15.00
 
16.00
 
17.00
 
18.00
 
19.00
 
20.00
 
21.00
 
22.00
 
23.00
 
